100
2 933 prod0 24 72
9 434 prod1 16 16
11 234 prod2 37 71
14 412 prod3 72 17
14 900 prod4 20 35
15 872 prod5 38 28
16 185 prod6 18 29
17 429 prod7 55 68
17 375 prod8 71 11
19 848 prod9 45 54
19 737 prod10 28 7
21 482 prod11 5 1
22 244 prod12 79 90
24 139 prod13 89 51
33 931 prod14 25 42
43 839 prod15 96 12
43 79 prod16 70 91
47 979 prod17 21 24
50 846 prod18 30 31
50 646 prod19 27 53
50 334 prod20 31 73
51 258 prod21 81 30
52 740 prod22 68 38
54 94 prod23 52 40
55 277 prod24 75 88
62 709 prod25 32 14
65 545 prod26 95 99
67 81 prod27 88 25
68 536 prod28 58 76
70 516 prod29 62 97
71 973 prod30 9 74
76 118 prod31 97 57
77 963 prod32 13 23
79 228 prod33 87 37
82 613 prod34 54 36
82 686 prod35 83 59
83 432 prod36 57 4
84 345 prod37 99 26
87 203 prod38 76 21
89 487 prod39 65 34
91 813 prod40 43 56
94 970 prod41 41 32
95 820 prod42 82 47
97 83 prod43 64 83
99 95 prod44 6 8
102 765 prod45 22 22
106 954 prod46 40 94
109 248 prod47 36 80
112 47 prod48 61 87
116 862 prod49 90 27
116 266 prod50 23 85
118 748 prod51 67 18
119 71 prod52 63 98
123 22 prod53 92 81
125 286 prod54 77 67
127 566 prod55 98 93
133 974 prod56 7 79
134 473 prod57 69 19
137 366 prod58 11 5
138 231 prod59 44 10
138 396 prod60 84 41
140 192 prod61 15 55
142 493 prod62 86 70
143 144 prod63 46 48
146 249 prod64 33 6
147 884 prod65 17 3
150 278 prod66 56 60
150 910 prod67 39 2
151 421 prod68 2 66
151 193 prod69 94 58
152 694 prod70 10 61
153 348 prod71 34 95
155 898 prod72 59 77
157 106 prod73 66 13
158 415 prod74 91 69
160 576 prod75 12 84
168 132 prod76 35 89
169 890 prod77 73 82
169 605 prod78 19 96
170 508 prod79 3 62
171 986 prod80 42 75
172 218 prod81 85 43
173 136 prod82 1 63
173 312 prod83 4 33
174 29 prod84 93 50
174 779 prod85 47 45
180 298 prod86 80 9
182 770 prod87 14 86
185 531 prod88 49 49
188 787 prod89 26 39
189 3 prod90 60 44
189 225 prod91 53 78
191 869 prod92 8 65
193 635 prod93 48 92
193 555 prod94 0 46
193 586 prod95 29 0
195 273 prod96 51 64
196 265 prod97 50 20
198 188 prod98 78 15
198 851 prod99 74 52
