100
2 149 prod0 52 1
3 921 prod1 60 43
5 713 prod2 31 72
5 199 prod3 84 18
6 864 prod4 16 86
11 532 prod5 97 75
12 591 prod6 7 71
12 719 prod7 43 97
15 200 prod8 39 69
15 806 prod9 93 12
24 498 prod10 53 67
26 483 prod11 57 89
29 901 prod12 86 82
29 972 prod13 59 42
29 305 prod14 49 55
29 858 prod15 65 68
29 380 prod16 36 46
30 945 prod17 22 48
32 40 prod18 55 35
33 91 prod19 45 63
37 128 prod20 62 78
38 160 prod21 21 77
38 790 prod22 26 81
39 970 prod23 6 2
40 346 prod24 54 13
40 167 prod25 5 92
40 81 prod26 12 91
43 367 prod27 77 17
43 45 prod28 71 36
46 421 prod29 82 47
51 43 prod30 14 90
52 665 prod31 10 6
52 927 prod32 83 95
55 856 prod33 23 33
58 647 prod34 67 28
59 264 prod35 81 70
63 378 prod36 0 49
64 176 prod37 50 80
65 323 prod38 51 53
65 34 prod39 8 79
67 63 prod40 61 11
68 899 prod41 76 59
70 938 prod42 48 60
70 677 prod43 56 27
71 674 prod44 33 84
76 192 prod45 35 37
79 62 prod46 74 24
81 838 prod47 85 15
85 384 prod48 46 31
88 500 prod49 4 44
90 397 prod50 94 50
93 718 prod51 19 20
93 395 prod52 80 32
94 942 prod53 42 96
95 687 prod54 41 14
98 898 prod55 89 7
99 805 prod56 2 41
101 415 prod57 34 4
102 86 prod58 1 22
105 56 prod59 15 5
106 759 prod60 99 34
112 544 prod61 32 19
113 788 prod62 90 93
118 454 prod63 66 25
120 728 prod64 98 76
122 515 prod65 20 45
124 313 prod66 37 74
124 327 prod67 11 52
126 226 prod68 64 16
128 784 prod69 9 3
131 250 prod70 38 85
132 197 prod71 69 39
135 405 prod72 79 30
135 46 prod73 70 56
135 577 prod74 68 73
136 359 prod75 17 10
137 720 prod76 24 21
141 136 prod77 87 29
143 622 prod78 63 98
145 404 prod79 92 83
146 423 prod80 27 26
149 58 prod81 40 87
151 673 prod82 95 40
156 172 prod83 13 51
159 216 prod84 78 66
161 994 prod85 72 64
162 766 prod86 88 88
165 844 prod87 25 99
167 42 prod88 75 0
167 345 prod89 58 8
169 157 prod90 96 65
171 997 prod91 73 58
174 869 prod92 47 62
175 896 prod93 30 23
175 850 prod94 44 94
181 676 prod95 3 54
184 436 prod96 18 57
195 623 prod97 91 9
198 980 prod98 29 61
199 861 prod99 28 38
